1.608754038810729980e+00 1.226142644882202148e+00 1.901275396347045898e+00
1.909332990646362305e+00 1.409695863723754883e+00 2.411352872848510742e+00
1.274548888206481934e+00 1.582717537879943848e+00 1.925102829933166504e+00
1.346303939819335938e+00 1.711888074874877930e+00 2.150125741958618164e+00
1.540339708328247070e+00 1.971475839614868164e+00 2.582703828811645508e+00
1.610006690025329590e+00 1.695979118347167969e+00 2.433191776275634766e+00
1.412746429443359375e+00 1.031981110572814941e+00 1.506227731704711914e+00
1.232231378555297852e+00 1.609885931015014648e+00 1.909151196479797363e+00
1.885501980781555176e+00 1.273247599601745605e+00 2.239236354827880859e+00
1.242152690887451172e+00 1.922674655914306641e+00 2.233765602111816406e+00
1.816931724548339844e+00 1.095979094505310059e+00 1.974971652030944824e+00
1.747907042503356934e+00 1.654927968978881836e+00 2.532050609588623047e+00
1.203859686851501465e+00 1.995640635490417480e+00 2.238775014877319336e+00
1.661361813545227051e+00 1.548525810241699219e+00 2.326954126358032227e+00
1.776051521301269531e+00 1.743280529975891113e+00 2.637992382049560547e+00
1.391836166381835938e+00 1.225398302078247070e+00 1.668288469314575195e+00
1.123189091682434082e+00 1.330215811729431152e+00 1.511624097824096680e+00
1.274739265441894531e+00 1.576960921287536621e+00 1.918890595436096191e+00
1.122752428054809570e+00 1.873715519905090332e+00 2.056741714477539062e+00
1.832391738891601562e+00 1.356207609176635742e+00 2.285677909851074219e+00
