1.149349689483642578e+00 8.043670654296875000e-02 4.356468841433525085e-02
7.845983505249023438e-01 1.163827419281005859e+00 2.737602889537811279e-01
-8.598418235778808594e-01 2.030971527099609375e+00 -1.298772543668746948e-01
-2.826043605804443359e+00 2.355338096618652344e+00 -4.760948196053504944e-02
1.975244045257568359e+00 -2.175408363342285156e+00 -1.513930857181549072e-01
1.859589576721191406e+00 -1.819835186004638672e+00 -1.773317754268646240e-01
1.117414951324462891e+00 -1.899568676948547363e+00 -1.745491027832031250e-01
3.161911964416503906e-01 2.764533996582031250e+00 5.611869692802429199e-02
-7.846150398254394531e-01 -1.167342782020568848e+00 -6.102868169546127319e-02
1.241865158081054688e+00 2.522896289825439453e+00 3.056547045707702637e-01
-7.778205871582031250e-01 2.898731231689453125e+00 -3.218316659331321716e-02
7.231464385986328125e-01 6.253087520599365234e-01 1.316695511341094971e-01
-7.678120136260986328e-01 6.565439701080322266e-01 -9.836388379335403442e-02
-1.137206554412841797e-01 2.697268486022949219e+00 -2.034446923062205315e-03
2.160274505615234375e+00 -1.448629617691040039e+00 -1.582357883453369141e-01
-1.086922287940979004e+00 -2.018936634063720703e+00 -1.541546173393726349e-02
2.900063037872314453e+00 2.734763622283935547e+00 6.513863801956176758e-02
2.495874404907226562e+00 1.553907871246337891e+00 3.421513736248016357e-01
5.209565162658691406e-02 -8.885436058044433594e-01 -5.061321705579757690e-02
-7.641839981079101562e-02 -2.076253652572631836e+00 -6.882733106613159180e-02
-2.129067897796630859e+00 -1.840749621391296387e+00 -2.747264318168163300e-02
2.071225166320800781e+00 1.175745964050292969e+00 4.078740179538726807e-01
-1.611457228660583496e+00 -1.313912630081176758e+00 -2.039298787713050842e-02
-2.675539016723632812e+00 8.713049888610839844e-01 -8.694190531969070435e-02
-8.428137302398681641e-01 2.442909240722656250e+00 -9.787228703498840332e-02
-1.277332305908203125e+00 2.903816699981689453e-01 -8.731397241353988647e-02
-2.310604095458984375e+00 2.860435485839843750e+00 -4.248700290918350220e-02
-7.007453441619873047e-01 -9.570827484130859375e-01 -6.141983345150947571e-02
3.343584537506103516e-01 2.556656837463378906e+00 9.877323359251022339e-02
1.779551029205322266e+00 -8.801198005676269531e-01 -1.419554799795150757e-01
-9.039630889892578125e-01 -2.456984519958496094e+00 -2.745756134390830994e-02
2.985739231109619141e+00 2.756902694702148438e+00 2.980117872357368469e-02
-1.842793107032775879e+00 2.659178733825683594e+00 -9.108790755271911621e-02
2.289965629577636719e+00 1.767137527465820312e+00 4.073227643966674805e-01
1.273418426513671875e+00 -3.214788436889648438e-01 -5.299454182386398315e-02
-1.640154361724853516e+00 2.074690341949462891e+00 -1.670628041028976440e-01
2.020511627197265625e+00 7.318339347839355469e-01 3.046001195907592773e-01
-6.323218345642089844e-01 5.487809181213378906e-01 -7.918149232864379883e-02
1.644353866577148438e+00 -2.020529508590698242e+00 -1.748371571302413940e-01
2.524403095245361328e+00 -1.581171512603759766e+00 -1.156278997659683228e-01
-2.240458965301513672e+00 9.460279941558837891e-01 -1.461556255817413330e-01
1.764961242675781250e+00 1.446263313293457031e+00 4.665712416172027588e-01
-1.603694915771484375e+00 -5.007798671722412109e-01 -3.585898876190185547e-02
-2.348364353179931641e+00 1.263414859771728516e+00 -1.444090455770492554e-01
1.412057399749755859e+00 3.610210418701171875e-01 1.612749397754669189e-01
-1.932293057441711426e+00 1.689304351806640625e+00 -1.788046658039093018e-01
-1.390587329864501953e+00 2.866877555847167969e+00 -4.905308783054351807e-02
-6.140341758728027344e-01 -7.408976554870605469e-02 -3.662849590182304382e-02
-1.123372793197631836e+00 -2.799432992935180664e+00 -2.049143612384796143e-02
6.318616867065429688e-02 -1.780669927597045898e+00 -7.721457630395889282e-02
-2.856052875518798828e+00 -8.754444122314453125e-02 -3.197459504008293152e-02
-2.130679607391357422e+00 1.909387588500976562e+00 -1.583489328622817993e-01
-2.630420923233032227e+00 -1.930111527442932129e+00 -3.423583507537841797e-02
2.762814998626708984e+00 -2.690045356750488281e+00 -3.879643231630325317e-02
-3.741838932037353516e-01 -1.758501291275024414e+00 -3.941153734922409058e-02
2.680285453796386719e+00 2.121641159057617188e+00 2.495250254869461060e-01
-9.854588508605957031e-01 -4.349398612976074219e-02 -4.773987084627151489e-02
-1.603908061981201172e+00 -1.241972923278808594e+00 -2.318801917135715485e-02
3.005290031433105469e-02 -9.450464248657226562e-01 -5.079788342118263245e-02
2.754969596862792969e+00 2.889345169067382812e+00 6.581874936819076538e-02
-2.305348873138427734e+00 -2.360626459121704102e+00 -4.263471812009811401e-02
1.649479866027832031e+00 2.711791038513183594e+00 2.486487627029418945e-01
2.379307746887207031e+00 2.176290512084960938e+00 3.506443500518798828e-01
-8.417654037475585938e-02 8.738470077514648438e-02 -2.888686396181583405e-02
-2.387612819671630859e+00 -1.349444031715393066e+00 -2.404947392642498016e-02
-5.505928993225097656e-01 8.373064994812011719e-01 -8.799687027931213379e-02
1.608400344848632812e+00 -2.655534744262695312e+00 -9.718583524227142334e-02
-2.110344409942626953e+00 -2.297124862670898438e-01 -5.585379153490066528e-02
-2.128883361816406250e+00 -1.557175040245056152e+00 -1.953082159161567688e-02
2.145317077636718750e+00 -8.739924430847167969e-02 1.971292868256568909e-02
-2.690977096557617188e+00 7.930245399475097656e-01 -8.232096582651138306e-02
2.805805206298828125e+00 1.200307846069335938e+00 1.688155084848403931e-01
-5.578236579895019531e-01 5.914487838745117188e-01 -7.595647126436233521e-02
2.240723609924316406e+00 -2.540549278259277344e+00 -9.647044539451599121e-02
-1.725831985473632812e+00 -2.850383281707763672e+00 -2.055441960692405701e-02
-5.416817665100097656e-01 -1.368858575820922852e+00 -4.403989017009735107e-02
1.161642074584960938e+00 -1.762475967407226562e+00 -1.798076033592224121e-01
-2.654091835021972656e+00 -2.818261384963989258e+00 -2.176536992192268372e-02
5.008230209350585938e-01 -4.965276718139648438e-01 -6.529238075017929077e-02
2.856590747833251953e+00 -1.422897577285766602e+00 -5.159043520689010620e-02
1.175768852233886719e+00 -1.733078241348266602e+00 -1.808540672063827515e-01
3.658361434936523438e-01 -1.591256976127624512e+00 -1.076342016458511353e-01
1.725842475891113281e+00 6.238031387329101562e-01 2.787401378154754639e-01
-2.322555541992187500e+00 -4.682271480560302734e-01 -4.226376861333847046e-02
1.055613994598388672e+00 1.247398376464843750e+00 3.649407625198364258e-01
1.818512916564941406e+00 1.018013954162597656e+00 3.974695503711700439e-01
-2.727401733398437500e+00 8.493037223815917969e-01 -7.696043699979782104e-02
1.934343814849853516e+00 1.618096828460693359e+00 4.655281901359558105e-01
-8.383419513702392578e-01 -8.794426918029785156e-02 -4.202491790056228638e-02
8.310809135437011719e-01 2.713031768798828125e-01 6.192159280180931091e-02
-1.771078348159790039e+00 -2.293856143951416016e+00 -3.036058694124221802e-02
7.123067378997802734e-01 3.410360813140869141e-01 6.217289343476295471e-02
-9.252038002014160156e-01 2.198734760284423828e+00 -1.262124329805374146e-01
-8.662610054016113281e-01 -1.136166930198669434e+00 -6.450510025024414062e-02
1.304588794708251953e+00 -1.936685800552368164e+00 -1.790286004543304443e-01
-1.082165479660034180e+00 2.086400508880615234e+00 -1.471717804670333862e-01
6.310250759124755859e-01 -2.060566663742065430e+00 -1.369674950838088989e-01
2.787598609924316406e+00 -1.824836730957031250e-01 -1.029855944216251373e-02
8.981270790100097656e-01 -4.997944831848144531e-01 -8.354003727436065674e-02
8.313770294189453125e-01 1.370002746582031250e+00 3.221509158611297607e-01
