4.019944667816162109e-01 8.251423835754394531e-01 1.782731413841247559e-01
-1.061650514602661133e+00 -1.475606203079223633e+00 -2.408658117055892944e-01
-2.169171810150146484e+00 2.927936553955078125e+00 -3.413572162389755249e-02
1.868978023529052734e+00 -2.256386518478393555e+00 -1.629846096038818359e-01
2.816154479980468750e+00 -9.546511173248291016e-01 -4.802995547652244568e-02
1.640841484069824219e+00 2.138686180114746094e-02 1.368168741464614868e-01
2.882902622222900391e-01 -2.124670982360839844e+00 -1.705135554075241089e-01
-8.663742542266845703e-01 -3.132200241088867188e-02 -1.343395560979843140e-01
9.729003906250000000e-02 -1.321085214614868164e+00 -1.651228219270706177e-01
2.129856109619140625e+00 -6.087589263916015625e-02 8.863868564367294312e-02
8.634986877441406250e-01 2.993869304656982422e+00 4.535998031497001648e-02
-5.440139770507812500e-02 1.441216468811035156e+00 1.144612133502960205e-01
-2.735716819763183594e+00 1.319928169250488281e-01 -8.406397700309753418e-02
-5.268244743347167969e-01 -2.702260017395019531e-01 -1.196020841598510742e-01
2.400981426239013672e+00 2.164570808410644531e+00 6.754864454269409180e-01
2.795435905456542969e+00 8.623487949371337891e-01 1.723128706216812134e-01
-1.359829902648925781e-01 -4.716410636901855469e-01 -8.995516598224639893e-02
2.892100334167480469e+00 1.493531703948974609e+00 2.041295170783996582e-01
1.104467391967773438e+00 -1.594646930694580078e+00 -1.982582509517669678e-01
-7.559394836425781250e-01 2.751183986663818359e+00 -4.612499848008155823e-02
-1.796352624893188477e+00 -2.668639183044433594e+00 -7.501823455095291138e-02
1.398992538452148438e-01 -1.507792353630065918e+00 -1.727867871522903442e-01
-2.275742769241333008e+00 -6.303720474243164062e-01 -1.334189325571060181e-01
-8.390426635742187500e-02 6.277971267700195312e-01 6.198671087622642517e-02
-1.186349272727966309e+00 -1.920279264450073242e+00 -1.659525781869888306e-01
1.529678821563720703e+00 4.892201423645019531e-01 2.657314240932464600e-01
1.298675060272216797e+00 -1.766409516334533691e+00 -2.036575525999069214e-01
8.824491500854492188e-01 1.516732215881347656e+00 3.727892637252807617e-01
-2.802309513092041016e+00 -5.849440097808837891e-01 -6.011200696229934692e-02
-2.065473318099975586e+00 -7.789011001586914062e-01 -1.535935997962951660e-01
-2.422535896301269531e+00 2.140576839447021484e+00 -1.280713379383087158e-01
8.125042915344238281e-01 -2.993750572204589844e-01 2.751142345368862152e-02
-1.070456027984619141e+00 -1.432517766952514648e+00 -2.476271986961364746e-01
-1.123033761978149414e+00 9.151711463928222656e-01 -1.471324265003204346e-01
2.877013683319091797e+00 2.100802421569824219e+00 2.481735199689865112e-01
-2.132477760314941406e-01 1.303156375885009766e+00 6.846027821302413940e-02
-1.309133648872375488e+00 1.440812587738037109e+00 -1.748914271593093872e-01
-1.242719292640686035e+00 2.142701148986816406e-01 -1.568994224071502686e-01
1.160887718200683594e+00 2.098503112792968750e-01 1.701805144548416138e-01
-1.810565471649169922e+00 -1.103987693786621094e-01 -1.723081022500991821e-01
1.904964923858642578e+00 -2.379023075103759766e+00 -1.471289992332458496e-01
1.151169300079345703e+00 1.061483383178710938e+00 3.558807075023651123e-01
1.718487262725830078e+00 -1.685442566871643066e+00 -1.934411972761154175e-01
-1.259202957153320312e-01 8.798284530639648438e-01 7.237622141838073730e-02
-4.536008834838867188e-02 -2.343137025833129883e+00 -1.404849141836166382e-01
2.291809082031250000e+00 2.638848781585693359e+00 4.685009717941284180e-01
2.916713714599609375e+00 -1.670501232147216797e+00 -3.964755684137344360e-02
-1.902922511100769043e+00 -2.948244810104370117e+00 -2.548237890005111694e-02
-1.151794910430908203e+00 -1.877092480659484863e+00 -1.728051602840423584e-01
-2.740216970443725586e+00 2.792256355285644531e+00 -3.535481542348861694e-02
5.576324462890625000e-02 2.407003402709960938e+00 9.020247310400009155e-02
-2.321783065795898438e+00 -2.836358547210693359e+00 -4.170150309801101685e-02
1.150979042053222656e+00 -1.297856926918029785e+00 -1.736209839582443237e-01
7.199764251708984375e-01 9.692916870117187500e-01 2.569831907749176025e-01
2.946240425109863281e+00 -2.647396564483642578e+00 -2.025333419442176819e-02
1.261517047882080078e+00 2.528568267822265625e+00 4.473458826541900635e-01
1.705691337585449219e+00 5.326366424560546875e-02 1.454074829816818237e-01
-1.100627660751342773e+00 4.083890914916992188e-01 -1.400392055511474609e-01
-7.869057655334472656e-01 -2.604627132415771484e+00 -9.139845520257949829e-02
-3.264250755310058594e-01 8.714668750762939453e-01 2.410123683512210846e-02
-1.448085308074951172e-01 -1.801415205001831055e+00 -1.725670844316482544e-01
-2.504153251647949219e-01 1.918458938598632812e-02 -3.332545235753059387e-02
1.290419101715087891e+00 6.602458953857421875e-01 2.872596383094787598e-01
2.770822525024414062e+00 2.404420852661132812e+00 3.124407231807708740e-01
1.651463508605957031e+00 -2.551517009735107422e+00 -1.290405988693237305e-01
3.597245216369628906e-01 1.489558696746826172e+00 2.284898161888122559e-01
-1.979598999023437500e-01 -2.583875179290771484e+00 -1.050221771001815796e-01
2.340500831604003906e+00 -3.952560424804687500e-01 -9.774917736649513245e-03
9.438705444335937500e-02 1.306899547576904297e+00 1.503624320030212402e-01
-4.980373382568359375e-02 -1.499924182891845703e+00 -1.757439076900482178e-01
-1.124167799949645996e+00 -1.723375082015991211e+00 -1.968899220228195190e-01
2.858662605285644531e+00 1.467006206512451172e+00 2.372277081012725830e-01
2.491645336151123047e+00 -1.319327116012573242e+00 -1.143968105316162109e-01
1.304087638854980469e+00 -1.576085686683654785e+00 -1.979315131902694702e-01
-4.378530979156494141e-01 -2.198651313781738281e+00 -1.439072787761688232e-01
-2.416583776473999023e+00 -7.267737388610839844e-01 -1.166366562247276306e-01
-1.853918194770812988e+00 1.019502639770507812e+00 -2.022830396890640259e-01
-2.880684375762939453e+00 2.828664779663085938e+00 -2.018820680677890778e-02
2.770112991333007812e+00 -2.764742374420166016e-01 -4.093497991561889648e-03
2.584741115570068359e+00 -1.521393656730651855e+00 -1.075471416115760803e-01
-2.999172210693359375e-01 9.300932884216308594e-01 3.334778174757957458e-02
1.033370971679687500e+00 -4.160518646240234375e-01 7.883389480412006378e-03
2.968465805053710938e+00 1.010003566741943359e+00 7.484503835439682007e-02
5.419526100158691406e-01 5.920886993408203125e-01 1.710739582777023315e-01
-2.424063920974731445e+00 -3.676652908325195312e-01 -1.225879490375518799e-01
7.639651298522949219e-01 -2.069682598114013672e+00 -1.895541548728942871e-01
-1.151773095130920410e+00 9.164571762084960938e-03 -1.587556749582290649e-01
-1.754956245422363281e-01 1.657044887542724609e+00 7.920652627944946289e-02
-2.700307369232177734e+00 9.693510532379150391e-01 -1.026070564985275269e-01
-2.520931005477905273e+00 1.321419715881347656e+00 -1.395603716373443604e-01
1.804070472717285156e-01 2.713217735290527344e+00 6.613168120384216309e-02
8.062098026275634766e-01 -8.767099380493164062e-01 -1.031977459788322449e-01
-2.542577743530273438e+00 1.301526546478271484e+00 -1.356326490640640259e-01
3.027191162109375000e-01 -7.331109046936035156e-01 -8.884226530790328979e-02
2.327228546142578125e+00 -6.899080276489257812e-01 -6.393319368362426758e-02
-5.591368675231933594e-01 -1.053163647651672363e+00 -2.353595495223999023e-01
2.171302318572998047e+00 -1.974503159523010254e+00 -1.605601161718368530e-01
-1.749404668807983398e+00 1.616225242614746094e+00 -1.979714334011077881e-01
1.279376983642578125e+00 2.988720417022705078e+00 7.681429386138916016e-02
8.810615539550781250e-02 1.173639297485351562e+00 1.418430507183074951e-01
